[SCENESIZE]
2816	656
[/]

[SCENETIME]
300
[/]

[CAMERABOUNDS]
8	0	2816	465
1968	464	2479	689
[/]

[BGCOLOR]
156	252	240
[/]

[TEXTURES]
0	assets\textures\tileset.png	224	163	216
1	assets\textures\map.png	224	163	216
2	assets\textures\player.png	224	163	216
3	assets\textures\hud.png	224	163	216
4	assets\textures\enemies.png	224	163	216
5	assets\textures\items.png	224	163	216
6	assets\textures\particles.png	224	163	216
7	assets\textures\projectiles.png	224	163	216
[/]

#OBJ_ID	FILE_PATH			texID	X	Y	EXTRA_DATA
[ENTITYDATA]
#Player								OBJ_ID	FILE_PATH				texID
0	assets\data\player\mario.txt	2	125	100	107	assets\data\projectile\fireball.txt	7

#NPC
#Goomba
100	assets\data\npc\goomba.txt	4	224	400	yellow
100	assets\data\npc\goomba.txt	4	528	400	yellow
100	assets\data\npc\goomba.txt	4	832	384	yellow
100	assets\data\npc\goomba.txt	4	880	384	yellow
#Paragoomba
101	assets\data\npc\goomba.txt	4	946	384	888	assets\data\auxiliary\wing.txt	5	red

#Koopa
102	assets\data\npc\koopa.txt	4	576	352	red
102	assets\data\npc\koopa.txt	4	1472	384	green
102	assets\data\npc\koopa.txt	4	2096	352	red
#Parakoopa
103	assets\data\npc\koopa.txt	4	1328	294	888	assets\data\auxiliary\wing.txt	5	green
103	assets\data\npc\koopa.txt	4	1376	294	888	assets\data\auxiliary\wing.txt	5	green
103	assets\data\npc\koopa.txt	4	1424	294	888	assets\data\auxiliary\wing.txt	5	green

#Pirana plant
104	assets\data\npc\piranaplant.txt	4	1800	400	green
#Venus plant
105	assets\data\npc\venusplant.txt	4	360	384	108	assets\data\projectile\fireball.txt	7	red
105	assets\data\npc\venusplant.txt	4	1864	384	108	assets\data\projectile\fireball.txt	7	green

#Portal								#destination
198	assets\data\npc\portal.txt	0	2257	112	2101	468
198	assets\data\npc\portal.txt	0	2321	488	2328	386

#Item
#Coin
205	assets\data\item\coin.txt	5	1072	320
205	assets\data\item\coin.txt	5	1104	288
205	assets\data\item\coin.txt	5	1136	256
205	assets\data\item\coin.txt	5	1168	224
205	assets\data\item\coin.txt	5	1200	192
205	assets\data\item\coin.txt	5	1328	80
205	assets\data\item\coin.txt	5	1344	80
205	assets\data\item\coin.txt	5	1360	80
205	assets\data\item\coin.txt	5	1472	112
205	assets\data\item\coin.txt	5	1488	112
205	assets\data\item\coin.txt	5	1536	128
205	assets\data\item\coin.txt	5	1552	128
205	assets\data\item\coin.txt	5	1568	128
205	assets\data\item\coin.txt	5	1584	128
205	assets\data\item\coin.txt	5	1616	112
205	assets\data\item\coin.txt	5	1632	112
205	assets\data\item\coin.txt	5	1648	112
205	assets\data\item\coin.txt	5	1664	112
205	assets\data\item\coin.txt	5	1696	144
205	assets\data\item\coin.txt	5	1728	112
205	assets\data\item\coin.txt	5	1760	128
205	assets\data\item\coin.txt	5	1808	96
205	assets\data\item\coin.txt	5	1840	128
#Underground
205	assets\data\item\coin.txt	5	2192	488
205	assets\data\item\coin.txt	5	2208	488
205	assets\data\item\coin.txt	5	2176	504
205	assets\data\item\coin.txt	5	2224	504
205	assets\data\item\coin.txt	5	2224	520
205	assets\data\item\coin.txt	5	2192	536
205	assets\data\item\coin.txt	5	2208	536
205	assets\data\item\coin.txt	5	2224	552
205	assets\data\item\coin.txt	5	2176	568
205	assets\data\item\coin.txt	5	2224	568
205	assets\data\item\coin.txt	5	2192	584
205	assets\data\item\coin.txt	5	2208	584

#Bonus item
206	assets\data\item\bonusitem.txt	5	2688	337

#Animated block
#Question block
300	assets\data\block\questionblock.txt	0	176	352	204	assets\data\item\coin.txt	5
300	assets\data\block\questionblock.txt	0	192	352	204	assets\data\item\coin.txt	5
300	assets\data\block\questionblock.txt	0	224	304	204	assets\data\item\coin.txt	5
300	assets\data\block\questionblock.txt	0	240	304	200	assets\data\item\redshroom.txt	5	202	assets\data\item\leaf.txt	5
300	assets\data\block\questionblock.txt	0	416	320	204	assets\data\item\coin.txt	5
300	assets\data\block\questionblock.txt	0	656	384	200	assets\data\item\redshroom.txt	5	202	assets\data\item\leaf.txt	5
300	assets\data\block\questionblock.txt	0	704	352	204	assets\data\item\coin.txt	5
300	assets\data\block\questionblock.txt	0	1472	368	200	assets\data\item\redshroom.txt	5	202	assets\data\item\leaf.txt	5

#Shiny brick															quantity
301	assets\data\block\brickblock.txt	0	1440	128	201	assets\data\item\greenshroom.txt	5	1
301	assets\data\block\brickblock.txt	0	2032	368	302	assets\data\block\pblock.txt	0	1

301	assets\data\block\brickblock.txt	0	1984	368
301	aassets\data\block\brickblock.txt	0	2000	368
301	assets\data\block\brickblock.txt	0	2016	368
301	assets\data\block\brickblock.txt	0	1968	384
301	assets\data\block\brickblock.txt	0	1984	384
301	assets\data\block\brickblock.txt	0	2000	384
301	assets\data\block\brickblock.txt	0	2016	384
301	assets\data\block\brickblock.txt	0	2032	384
301	assets\data\block\brickblock.txt	0	2096	384
301	assets\data\block\brickblock.txt	0	1952	400
301	assets\data\block\brickblock.txt	0	1968	400
301	assets\data\block\brickblock.txt	0	1984	400
301	assets\data\block\brickblock.txt	0	2000	400
301	assets\data\block\brickblock.txt	0	2016	400
301	assets\data\block\brickblock.txt	0	2032	400
301	assets\data\block\brickblock.txt	0	2048	400
301	assets\data\block\brickblock.txt	0	2096	400
301	assets\data\block\brickblock.txt	0	2112	400
[/]

[TILEDATA]

[/]

[GRID]

[/]

[HUD]
assets\data\hud\hud.txt	3
[/]

[BACKGROUND]
#Nframes	texID
1214	0
#White flower
800	86	815	101	112	32	2
800	86	815	101	304	80	2
800	86	815	101	336	32	2
800	86	815	101	368	64	2
800	86	815	101	592	48	2
800	86	815	101	752	16	2
800	86	815	101	752	48	2
800	86	815	101	1104	112	2
800	86	815	101	1264	48	2
800	86	815	101	1360	32	2
800	86	815	101	1392	144	2
800	86	815	101	1456	96	2
800	86	815	101	1488	80	2
800	86	815	101	1616	32	2
800	86	815	101	1680	64	2
800	86	815	101	2224	80	2
800	86	815	101	2384	0	2
800	86	815	101	2448	0	2
800	86	815	101	2416	144	2

#White mushroom
834	86	849	101	256	32	2
834	86	849	101	256	64	2
834	86	849	101	832	32	2
834	86	849	101	960	64	2
834	86	849	101	1216	128	2
834	86	849	101	1728	64	2
834	86	849	101	1856	80	2
834	86	849	101	1920	16	2
834	86	849	101	1920	144	2
834	86	849	101	2112	112	2

#White star
817	86	832	101	224	64	2
817	86	832	101	288	80	2
817	86	832	101	608	48	2
817	86	832	101	672	16	2
817	86	832	101	800	16	2
817	86	832	101	1184	128	2
817	86	832	101	1504	64	2
817	86	832	101	1504	96	2
817	86	832	101	1952	16	2

#Bush
375	324	390	339	160	400	2
375	324	390	339	176	400	2
375	324	390	339	192	400	2
375	324	390	339	672	384	2
375	324	390	339	688	384	2
375	324	390	339	704	384	2
375	324	390	339	720	384	2
375	324	390	339	736	384	2
375	324	390	339	752	384	2
375	324	390	339	1040	384	2
375	324	390	339	1056	384	2
375	324	390	339	1184	400	2
375	324	390	339	1200	400	2
375	324	390	339	1216	400	2
375	324	390	339	1728	400	2
375	324	390	339	1744	400	2
375	324	390	339	1760	400	2

#Tall bush
307	307	322	322	32	352	2
324	307	339	322	48	352	2
307	307	322	322	16	368	2
324	341	339	356	32	368	2
324	324	339	339	48	368	2
307	307	322	322	64	368	2
324	307	339	322	80	368	2
307	307	322	322	96	368	2
324	307	339	322	112	368	2
307	324	322	339	16	384	2
307	341	322	356	32	384	2
324	341	339	356	48	384	2
341	324	356	339	64	384	2
324	324	339	339	80	384	2
307	324	322	339	96	384	2
307	341	322	356	112	384	2
324	307	339	322	128	384	2
307	324	322	339	16	400	2
341	324	356	339	32	400	2
341	324	356	339	48	400	2
341	324	356	339	64	400	2
307	341	322	356	80	400	2
324	341	339	356	96	400	2
341	324	356	339	112	400	2
324	324	339	339	128	400	2

307	307	322	322	880	336	2
324	307	339	322	896	336	2
307	307	322	322	832	352	2
324	307	339	322	848	352	2
307	307	322	322	864	352	2
324	341	339	356	880	352	2
324	324	339	339	896	352	2
307	307	322	322	912	352	2
324	307	339	322	928	352	2
307	324	322	339	832	368	2
307	341	322	356	848	368	2
324	341	339	356	864	368	2
307	341	322	356	880	368	2
324	341	339	356	896	368	2
341	324	356	339	912	368	2
324	324	339	339	928	368	2
307	307	322	322	816	384	2
324	341	339	356	832	384	2
341	324	356	339	848	384	2
341	324	356	339	864	384	2
341	324	356	339	880	384	2
341	324	356	339	896	384	2
341	324	356	339	912	384	2
324	324	339	339	928	384	2

307	307	322	322	960	352	2
324	307	339	322	976	352	2
307	324	322	339	960	368	2
307	341	322	356	976	368	2
324	307	339	322	992	368	2
307	307	322	322	944	384	2
324	341	339	356	960	384	2
341	324	356	339	976	384	2
324	324	339	339	992	384	2

307	307	322	322	1904	368	2
324	307	339	322	1920	368	2
307	324	322	339	1904	384	2
307	341	322	356	1920	384	2
324	307	339	322	1936	384	2
307	307	322	322	1888	400	2
324	341	339	356	1904	400	2
341	324	356	339	1920	400	2
324	324	339	339	1936	400	2

307	307	322	322	2400	288	2
324	307	339	322	2416	288	2
307	324	322	339	2400	304	2
307	341	322	356	2416	304	2
324	307	339	322	2432	304	2
307	324	322	339	2400	320	2
341	324	356	339	2416	320	2
324	324	339	339	2432	320	2
307	307	322	322	2384	336	2
324	341	339	356	2400	336	2
341	324	356	339	2416	336	2
324	324	339	339	2432	336	2
307	307	322	322	2368	352	2
324	341	339	356	2384	352	2
341	324	356	339	2400	352	2
341	324	356	339	2416	352	2
324	324	339	339	2432	352	2
307	324	322	339	2368	368	2
341	324	356	339	2384	368	2
341	324	356	339	2400	368	2
341	324	356	339	2416	368	2
324	324	339	339	2432	368	2
307	324	322	339	2368	384	2
341	324	356	339	2384	384	2
341	324	356	339	2400	384	2
341	324	356	339	2416	384	2
307	341	322	356	2432	384	2
324	307	339	322	2448	384	2
307	324	322	339	2368	400	2
341	324	356	339	2384	400	2
341	324	356	339	2400	400	2
341	324	356	339	2416	400	2
341	324	356	339	2432	400	2
324	324	339	339	2448	400	2

#Cloud
#Double cloud
715	1	730	16	112	272	2
732	1	747	16	128	272	2
732	1	747	16	144	272	2
749	1	764	16	160	272	2
715	18	730	33	112	288	2
732	18	747	33	128	288	2
732	18	747	33	144	288	2
749	18	764	33	160	288	2
#Single cloud
715	1	730	16	320	256	2
732	1	747	16	336	256	2
749	1	764	16	352	256	2
715	18	730	33	320	272	2
732	18	747	33	336	272	2
749	18	764	33	352	272	2
#Single cloud
715	1	730	16	640	272	2
732	1	747	16	656	272	2
749	1	764	16	672	272	2
715	18	730	33	640	288	2
732	18	747	33	656	288	2
749	18	764	33	672	288	2
#Single cloud
715	1	730	16	1168	272	2
732	1	747	16	1184	272	2
749	1	764	16	1200	272	2
715	18	730	33	1168	288	2
732	18	747	33	1184	288	2
749	18	764	33	1200	288	2
#Single cloud
715	1	730	16	2320	288	2
732	1	747	16	2336	288	2
749	1	764	16	2352	288	2
715	18	730	33	2320	304	2
732	18	747	33	2336	304	2
749	18	764	33	2352	304	2
#Triple cloud
715	1	730	16	720	304	2
732	1	747	16	736	304	2
732	1	747	16	752	304	2
732	1	747	16	768	304	2
749	1	764	16	784	304	2
715	18	730	33	720	320	2
732	18	747	33	736	320	2
732	18	747	33	752	320	2
732	18	747	33	768	320	2
749	18	764	33	784	320	2
#Triple_cloud
715	1	730	16	1648	272	2
732	1	747	16	1664	272	2
732	1	747	16	1680	272	2
732	1	747	16	1696	272	2
749	1	764	16	1712	272	2
715	18	730	33	1648	288	2
732	18	747	33	1664	288	2
732	18	747	33	1680	288	2
732	18	747	33	1696	288	2
749	18	764	33	1712	288	2

#Zigzag
698	86	713	101	2480	0	2
698	86	713	101	2480	16	2
698	86	713	101	2480	32	2
698	86	713	101	2480	48	2
698	86	713	101	2480	64	2
698	86	713	101	2480	80	2
698	86	713	101	2480	96	2
698	86	713	101	2480	112	2
698	86	713	101	2480	128	2
698	86	713	101	2480	144	2
698	86	713	101	2480	160	2
698	86	713	101	2480	176	2
698	86	713	101	2480	192	2
698	86	713	101	2480	208	2
698	86	713	101	2480	224	2
698	86	713	101	2480	240	2
698	86	713	101	2480	256	2
698	86	713	101	2480	272	2
698	86	713	101	2480	288	2
698	86	713	101	2480	304	2
698	86	713	101	2480	320	2
698	86	713	101	2480	336	2
698	86	713	101	2480	352	2
698	86	713	101	2480	368	2
698	86	713	101	2480	384	2
698	86	713	101	2480	400	2

#width:	19	height:	26
#Black square
698	35	713	50	2496	0	2
698	35	713	50	2496	16	2
698	35	713	50	2496	32	2
698	35	713	50	2496	48	2
698	35	713	50	2496	64	2
698	35	713	50	2496	80	2
698	35	713	50	2496	96	2
698	35	713	50	2496	112	2
698	35	713	50	2496	128	2
698	35	713	50	2496	144	2
698	35	713	50	2496	160	2
698	35	713	50	2496	176	2
698	35	713	50	2496	192	2
698	35	713	50	2496	208	2
698	35	713	50	2496	224	2
698	35	713	50	2496	240	2
698	35	713	50	2496	256	2
698	35	713	50	2496	272	2
698	35	713	50	2496	288	2
698	35	713	50	2496	304	2
698	35	713	50	2496	320	2
698	35	713	50	2496	336	2
698	35	713	50	2496	352	2
698	35	713	50	2496	368	2
698	35	713	50	2496	384	2
698	35	713	50	2496	400	2
698	35	713	50	2496	416	2
698	35	713	50	2512	0	2
698	35	713	50	2512	16	2
698	35	713	50	2512	32	2
698	35	713	50	2512	48	2
698	35	713	50	2512	64	2
698	35	713	50	2512	80	2
698	35	713	50	2512	96	2
698	35	713	50	2512	112	2
698	35	713	50	2512	128	2
698	35	713	50	2512	144	2
698	35	713	50	2512	160	2
698	35	713	50	2512	176	2
698	35	713	50	2512	192	2
698	35	713	50	2512	208	2
698	35	713	50	2512	224	2
698	35	713	50	2512	240	2
698	35	713	50	2512	256	2
698	35	713	50	2512	272	2
698	35	713	50	2512	288	2
698	35	713	50	2512	304	2
698	35	713	50	2512	320	2
698	35	713	50	2512	336	2
698	35	713	50	2512	352	2
698	35	713	50	2512	368	2
698	35	713	50	2512	384	2
698	35	713	50	2512	400	2
698	35	713	50	2512	416	2
698	35	713	50	2528	0	2
698	35	713	50	2528	16	2
698	35	713	50	2528	32	2
698	35	713	50	2528	48	2
698	35	713	50	2528	64	2
698	35	713	50	2528	80	2
698	35	713	50	2528	96	2
698	35	713	50	2528	112	2
698	35	713	50	2528	128	2
698	35	713	50	2528	144	2
698	35	713	50	2528	160	2
698	35	713	50	2528	176	2
698	35	713	50	2528	192	2
698	35	713	50	2528	208	2
698	35	713	50	2528	224	2
698	35	713	50	2528	240	2
698	35	713	50	2528	256	2
698	35	713	50	2528	272	2
698	35	713	50	2528	288	2
698	35	713	50	2528	304	2
698	35	713	50	2528	320	2
698	35	713	50	2528	336	2
698	35	713	50	2528	352	2
698	35	713	50	2528	368	2
698	35	713	50	2528	384	2
698	35	713	50	2528	400	2
698	35	713	50	2528	416	2
698	35	713	50	2544	0	2
698	35	713	50	2544	16	2
698	35	713	50	2544	32	2
698	35	713	50	2544	48	2
698	35	713	50	2544	64	2
698	35	713	50	2544	80	2
698	35	713	50	2544	96	2
698	35	713	50	2544	112	2
698	35	713	50	2544	128	2
698	35	713	50	2544	144	2
698	35	713	50	2544	160	2
698	35	713	50	2544	176	2
698	35	713	50	2544	192	2
698	35	713	50	2544	208	2
698	35	713	50	2544	224	2
698	35	713	50	2544	240	2
698	35	713	50	2544	256	2
698	35	713	50	2544	272	2
698	35	713	50	2544	288	2
698	35	713	50	2544	304	2
698	35	713	50	2544	320	2
698	35	713	50	2544	336	2
698	35	713	50	2544	352	2
698	35	713	50	2544	368	2
698	35	713	50	2544	384	2
698	35	713	50	2544	400	2
698	35	713	50	2544	416	2
698	35	713	50	2560	0	2
698	35	713	50	2560	16	2
698	35	713	50	2560	32	2
698	35	713	50	2560	48	2
698	35	713	50	2560	64	2
698	35	713	50	2560	80	2
698	35	713	50	2560	96	2
698	35	713	50	2560	112	2
698	35	713	50	2560	128	2
698	35	713	50	2560	144	2
698	35	713	50	2560	160	2
698	35	713	50	2560	176	2
698	35	713	50	2560	192	2
698	35	713	50	2560	208	2
698	35	713	50	2560	224	2
698	35	713	50	2560	240	2
698	35	713	50	2560	256	2
698	35	713	50	2560	272	2
698	35	713	50	2560	288	2
698	35	713	50	2560	304	2
698	35	713	50	2560	320	2
698	35	713	50	2560	336	2
698	35	713	50	2560	352	2
698	35	713	50	2560	368	2
698	35	713	50	2560	384	2
698	35	713	50	2560	400	2
698	35	713	50	2560	416	2
698	35	713	50	2576	0	2
698	35	713	50	2576	16	2
698	35	713	50	2576	32	2
698	35	713	50	2576	48	2
698	35	713	50	2576	64	2
698	35	713	50	2576	80	2
698	35	713	50	2576	96	2
698	35	713	50	2576	112	2
698	35	713	50	2576	128	2
698	35	713	50	2576	144	2
698	35	713	50	2576	160	2
698	35	713	50	2576	176	2
698	35	713	50	2576	192	2
698	35	713	50	2576	208	2
698	35	713	50	2576	224	2
698	35	713	50	2576	240	2
698	35	713	50	2576	256	2
698	35	713	50	2576	272	2
698	35	713	50	2576	288	2
698	35	713	50	2576	304	2
698	35	713	50	2576	320	2
698	35	713	50	2576	336	2
698	35	713	50	2576	352	2
698	35	713	50	2576	368	2
698	35	713	50	2576	384	2
698	35	713	50	2576	400	2
698	35	713	50	2576	416	2
698	35	713	50	2592	0	2
698	35	713	50	2592	16	2
698	35	713	50	2592	32	2
698	35	713	50	2592	48	2
698	35	713	50	2592	64	2
698	35	713	50	2592	80	2
698	35	713	50	2592	96	2
698	35	713	50	2592	112	2
698	35	713	50	2592	128	2
698	35	713	50	2592	144	2
698	35	713	50	2592	160	2
698	35	713	50	2592	176	2
698	35	713	50	2592	192	2
698	35	713	50	2592	208	2
698	35	713	50	2592	224	2
698	35	713	50	2592	240	2
698	35	713	50	2592	256	2
698	35	713	50	2592	272	2
698	35	713	50	2592	288	2
698	35	713	50	2592	304	2
698	35	713	50	2592	320	2
698	35	713	50	2592	336	2
698	35	713	50	2592	352	2
698	35	713	50	2592	368	2
698	35	713	50	2592	384	2
698	35	713	50	2592	400	2
698	35	713	50	2592	416	2
698	35	713	50	2608	0	2
698	35	713	50	2608	16	2
698	35	713	50	2608	32	2
698	35	713	50	2608	48	2
698	35	713	50	2608	64	2
698	35	713	50	2608	80	2
698	35	713	50	2608	96	2
698	35	713	50	2608	112	2
698	35	713	50	2608	128	2
698	35	713	50	2608	144	2
698	35	713	50	2608	160	2
698	35	713	50	2608	176	2
698	35	713	50	2608	192	2
698	35	713	50	2608	208	2
698	35	713	50	2608	224	2
698	35	713	50	2608	240	2
698	35	713	50	2608	256	2
698	35	713	50	2608	272	2
698	35	713	50	2608	288	2
698	35	713	50	2608	304	2
698	35	713	50	2608	320	2
698	35	713	50	2608	336	2
698	35	713	50	2608	352	2
698	35	713	50	2608	368	2
698	35	713	50	2608	384	2
698	35	713	50	2608	400	2
698	35	713	50	2608	416	2
698	35	713	50	2624	0	2
698	35	713	50	2624	16	2
698	35	713	50	2624	32	2
698	35	713	50	2624	48	2
698	35	713	50	2624	64	2
698	35	713	50	2624	80	2
698	35	713	50	2624	96	2
698	35	713	50	2624	112	2
698	35	713	50	2624	128	2
698	35	713	50	2624	144	2
698	35	713	50	2624	160	2
698	35	713	50	2624	176	2
698	35	713	50	2624	192	2
698	35	713	50	2624	208	2
698	35	713	50	2624	224	2
698	35	713	50	2624	240	2
698	35	713	50	2624	256	2
698	35	713	50	2624	272	2
698	35	713	50	2624	288	2
698	35	713	50	2624	304	2
698	35	713	50	2624	320	2
698	35	713	50	2624	336	2
698	35	713	50	2624	352	2
698	35	713	50	2624	368	2
698	35	713	50	2624	384	2
698	35	713	50	2624	400	2
698	35	713	50	2624	416	2
698	35	713	50	2640	0	2
698	35	713	50	2640	16	2
698	35	713	50	2640	32	2
698	35	713	50	2640	48	2
698	35	713	50	2640	64	2
698	35	713	50	2640	80	2
698	35	713	50	2640	96	2
698	35	713	50	2640	112	2
698	35	713	50	2640	128	2
698	35	713	50	2640	144	2
698	35	713	50	2640	160	2
698	35	713	50	2640	176	2
698	35	713	50	2640	192	2
698	35	713	50	2640	208	2
698	35	713	50	2640	224	2
698	35	713	50	2640	240	2
698	35	713	50	2640	256	2
698	35	713	50	2640	272	2
698	35	713	50	2640	288	2
698	35	713	50	2640	304	2
698	35	713	50	2640	320	2
698	35	713	50	2640	336	2
698	35	713	50	2640	352	2
698	35	713	50	2640	368	2
698	35	713	50	2640	384	2
698	35	713	50	2640	400	2
698	35	713	50	2640	416	2
698	35	713	50	2656	0	2
698	35	713	50	2656	16	2
698	35	713	50	2656	32	2
698	35	713	50	2656	48	2
698	35	713	50	2656	64	2
698	35	713	50	2656	80	2
698	35	713	50	2656	96	2
698	35	713	50	2656	112	2
698	35	713	50	2656	128	2
698	35	713	50	2656	144	2
698	35	713	50	2656	160	2
698	35	713	50	2656	176	2
698	35	713	50	2656	192	2
698	35	713	50	2656	208	2
698	35	713	50	2656	224	2
698	35	713	50	2656	240	2
698	35	713	50	2656	256	2
698	35	713	50	2656	272	2
698	35	713	50	2656	288	2
698	35	713	50	2656	304	2
698	35	713	50	2656	320	2
698	35	713	50	2656	336	2
698	35	713	50	2656	352	2
698	35	713	50	2656	368	2
698	35	713	50	2656	384	2
698	35	713	50	2656	400	2
698	35	713	50	2656	416	2
698	35	713	50	2672	0	2
698	35	713	50	2672	16	2
698	35	713	50	2672	32	2
698	35	713	50	2672	48	2
698	35	713	50	2672	64	2
698	35	713	50	2672	80	2
698	35	713	50	2672	96	2
698	35	713	50	2672	112	2
698	35	713	50	2672	128	2
698	35	713	50	2672	144	2
698	35	713	50	2672	160	2
698	35	713	50	2672	176	2
698	35	713	50	2672	192	2
698	35	713	50	2672	208	2
698	35	713	50	2672	224	2
698	35	713	50	2672	240	2
698	35	713	50	2672	256	2
698	35	713	50	2672	272	2
698	35	713	50	2672	288	2
698	35	713	50	2672	304	2
698	35	713	50	2672	320	2
698	35	713	50	2672	336	2
698	35	713	50	2672	352	2
698	35	713	50	2672	368	2
698	35	713	50	2672	384	2
698	35	713	50	2672	400	2
698	35	713	50	2672	416	2
698	35	713	50	2688	0	2
698	35	713	50	2688	16	2
698	35	713	50	2688	32	2
698	35	713	50	2688	48	2
698	35	713	50	2688	64	2
698	35	713	50	2688	80	2
698	35	713	50	2688	96	2
698	35	713	50	2688	112	2
698	35	713	50	2688	128	2
698	35	713	50	2688	144	2
698	35	713	50	2688	160	2
698	35	713	50	2688	176	2
698	35	713	50	2688	192	2
698	35	713	50	2688	208	2
698	35	713	50	2688	224	2
698	35	713	50	2688	240	2
698	35	713	50	2688	256	2
698	35	713	50	2688	272	2
698	35	713	50	2688	288	2
698	35	713	50	2688	304	2
698	35	713	50	2688	320	2
698	35	713	50	2688	336	2
698	35	713	50	2688	352	2
698	35	713	50	2688	368	2
698	35	713	50	2688	384	2
698	35	713	50	2688	400	2
698	35	713	50	2688	416	2
698	35	713	50	2704	0	2
698	35	713	50	2704	16	2
698	35	713	50	2704	32	2
698	35	713	50	2704	48	2
698	35	713	50	2704	64	2
698	35	713	50	2704	80	2
698	35	713	50	2704	96	2
698	35	713	50	2704	112	2
698	35	713	50	2704	128	2
698	35	713	50	2704	144	2
698	35	713	50	2704	160	2
698	35	713	50	2704	176	2
698	35	713	50	2704	192	2
698	35	713	50	2704	208	2
698	35	713	50	2704	224	2
698	35	713	50	2704	240	2
698	35	713	50	2704	256	2
698	35	713	50	2704	272	2
698	35	713	50	2704	288	2
698	35	713	50	2704	304	2
698	35	713	50	2704	320	2
698	35	713	50	2704	336	2
698	35	713	50	2704	352	2
698	35	713	50	2704	368	2
698	35	713	50	2704	384	2
698	35	713	50	2704	400	2
698	35	713	50	2704	416	2
698	35	713	50	2720	0	2
698	35	713	50	2720	16	2
698	35	713	50	2720	32	2
698	35	713	50	2720	48	2
698	35	713	50	2720	64	2
698	35	713	50	2720	80	2
698	35	713	50	2720	96	2
698	35	713	50	2720	112	2
698	35	713	50	2720	128	2
698	35	713	50	2720	144	2
698	35	713	50	2720	160	2
698	35	713	50	2720	176	2
698	35	713	50	2720	192	2
698	35	713	50	2720	208	2
698	35	713	50	2720	224	2
698	35	713	50	2720	240	2
698	35	713	50	2720	256	2
698	35	713	50	2720	272	2
698	35	713	50	2720	288	2
698	35	713	50	2720	304	2
698	35	713	50	2720	320	2
698	35	713	50	2720	336	2
698	35	713	50	2720	352	2
698	35	713	50	2720	368	2
698	35	713	50	2720	384	2
698	35	713	50	2720	400	2
698	35	713	50	2720	416	2
698	35	713	50	2736	0	2
698	35	713	50	2736	16	2
698	35	713	50	2736	32	2
698	35	713	50	2736	48	2
698	35	713	50	2736	64	2
698	35	713	50	2736	80	2
698	35	713	50	2736	96	2
698	35	713	50	2736	112	2
698	35	713	50	2736	128	2
698	35	713	50	2736	144	2
698	35	713	50	2736	160	2
698	35	713	50	2736	176	2
698	35	713	50	2736	192	2
698	35	713	50	2736	208	2
698	35	713	50	2736	224	2
698	35	713	50	2736	240	2
698	35	713	50	2736	256	2
698	35	713	50	2736	272	2
698	35	713	50	2736	288	2
698	35	713	50	2736	304	2
698	35	713	50	2736	320	2
698	35	713	50	2736	336	2
698	35	713	50	2736	352	2
698	35	713	50	2736	368	2
698	35	713	50	2736	384	2
698	35	713	50	2736	400	2
698	35	713	50	2736	416	2
698	35	713	50	2752	0	2
698	35	713	50	2752	16	2
698	35	713	50	2752	32	2
698	35	713	50	2752	48	2
698	35	713	50	2752	64	2
698	35	713	50	2752	80	2
698	35	713	50	2752	96	2
698	35	713	50	2752	112	2
698	35	713	50	2752	128	2
698	35	713	50	2752	144	2
698	35	713	50	2752	160	2
698	35	713	50	2752	176	2
698	35	713	50	2752	192	2
698	35	713	50	2752	208	2
698	35	713	50	2752	224	2
698	35	713	50	2752	240	2
698	35	713	50	2752	256	2
698	35	713	50	2752	272	2
698	35	713	50	2752	288	2
698	35	713	50	2752	304	2
698	35	713	50	2752	320	2
698	35	713	50	2752	336	2
698	35	713	50	2752	352	2
698	35	713	50	2752	368	2
698	35	713	50	2752	384	2
698	35	713	50	2752	400	2
698	35	713	50	2752	416	2
698	35	713	50	2768	0	2
698	35	713	50	2768	16	2
698	35	713	50	2768	32	2
698	35	713	50	2768	48	2
698	35	713	50	2768	64	2
698	35	713	50	2768	80	2
698	35	713	50	2768	96	2
698	35	713	50	2768	112	2
698	35	713	50	2768	128	2
698	35	713	50	2768	144	2
698	35	713	50	2768	160	2
698	35	713	50	2768	176	2
698	35	713	50	2768	192	2
698	35	713	50	2768	208	2
698	35	713	50	2768	224	2
698	35	713	50	2768	240	2
698	35	713	50	2768	256	2
698	35	713	50	2768	272	2
698	35	713	50	2768	288	2
698	35	713	50	2768	304	2
698	35	713	50	2768	320	2
698	35	713	50	2768	336	2
698	35	713	50	2768	352	2
698	35	713	50	2768	368	2
698	35	713	50	2768	384	2
698	35	713	50	2768	400	2
698	35	713	50	2768	416	2
698	35	713	50	2784	0	2
698	35	713	50	2784	16	2
698	35	713	50	2784	32	2
698	35	713	50	2784	48	2
698	35	713	50	2784	64	2
698	35	713	50	2784	80	2
698	35	713	50	2784	96	2
698	35	713	50	2784	112	2
698	35	713	50	2784	128	2
698	35	713	50	2784	144	2
698	35	713	50	2784	160	2
698	35	713	50	2784	176	2
698	35	713	50	2784	192	2
698	35	713	50	2784	208	2
698	35	713	50	2784	224	2
698	35	713	50	2784	240	2
698	35	713	50	2784	256	2
698	35	713	50	2784	272	2
698	35	713	50	2784	288	2
698	35	713	50	2784	304	2
698	35	713	50	2784	320	2
698	35	713	50	2784	336	2
698	35	713	50	2784	352	2
698	35	713	50	2784	368	2
698	35	713	50	2784	384	2
698	35	713	50	2784	400	2
698	35	713	50	2784	416	2
698	35	713	50	2800	0	2
698	35	713	50	2800	16	2
698	35	713	50	2800	32	2
698	35	713	50	2800	48	2
698	35	713	50	2800	64	2
698	35	713	50	2800	80	2
698	35	713	50	2800	96	2
698	35	713	50	2800	112	2
698	35	713	50	2800	128	2
698	35	713	50	2800	144	2
698	35	713	50	2800	160	2
698	35	713	50	2800	176	2
698	35	713	50	2800	192	2
698	35	713	50	2800	208	2
698	35	713	50	2800	224	2
698	35	713	50	2800	240	2
698	35	713	50	2800	256	2
698	35	713	50	2800	272	2
698	35	713	50	2800	288	2
698	35	713	50	2800	304	2
698	35	713	50	2800	320	2
698	35	713	50	2800	336	2
698	35	713	50	2800	352	2
698	35	713	50	2800	368	2
698	35	713	50	2800	384	2
698	35	713	50	2800	400	2
698	35	713	50	2800	416	2

#width: 16	height: 9
698	35	713	50	2096	480	2
698	35	713	50	2096	496	2
698	35	713	50	2096	512	2
698	35	713	50	2096	528	2
698	35	713	50	2096	544	2
698	35	713	50	2096	560	2
698	35	713	50	2096	576	2
698	35	713	50	2096	592	2
698	35	713	50	2096	608	2
698	35	713	50	2112	480	2
698	35	713	50	2112	496	2
698	35	713	50	2112	512	2
698	35	713	50	2112	528	2
698	35	713	50	2112	544	2
698	35	713	50	2112	560	2
698	35	713	50	2112	576	2
698	35	713	50	2112	592	2
698	35	713	50	2112	608	2
698	35	713	50	2128	480	2
698	35	713	50	2128	496	2
698	35	713	50	2128	512	2
698	35	713	50	2128	528	2
698	35	713	50	2128	544	2
698	35	713	50	2128	560	2
698	35	713	50	2128	576	2
698	35	713	50	2128	592	2
698	35	713	50	2128	608	2
698	35	713	50	2144	480	2
698	35	713	50	2144	496	2
698	35	713	50	2144	512	2
698	35	713	50	2144	528	2
698	35	713	50	2144	544	2
698	35	713	50	2144	560	2
698	35	713	50	2144	576	2
698	35	713	50	2144	592	2
698	35	713	50	2144	608	2
698	35	713	50	2160	480	2
698	35	713	50	2160	496	2
698	35	713	50	2160	512	2
698	35	713	50	2160	528	2
698	35	713	50	2160	544	2
698	35	713	50	2160	560	2
698	35	713	50	2160	576	2
698	35	713	50	2160	592	2
698	35	713	50	2160	608	2
698	35	713	50	2176	480	2
698	35	713	50	2176	496	2
698	35	713	50	2176	512	2
698	35	713	50	2176	528	2
698	35	713	50	2176	544	2
698	35	713	50	2176	560	2
698	35	713	50	2176	576	2
698	35	713	50	2176	592	2
698	35	713	50	2176	608	2
698	35	713	50	2192	480	2
698	35	713	50	2192	496	2
698	35	713	50	2192	512	2
698	35	713	50	2192	528	2
698	35	713	50	2192	544	2
698	35	713	50	2192	560	2
698	35	713	50	2192	576	2
698	35	713	50	2192	592	2
698	35	713	50	2192	608	2
698	35	713	50	2208	480	2
698	35	713	50	2208	496	2
698	35	713	50	2208	512	2
698	35	713	50	2208	528	2
698	35	713	50	2208	544	2
698	35	713	50	2208	560	2
698	35	713	50	2208	576	2
698	35	713	50	2208	592	2
698	35	713	50	2208	608	2
698	35	713	50	2224	480	2
698	35	713	50	2224	496	2
698	35	713	50	2224	512	2
698	35	713	50	2224	528	2
698	35	713	50	2224	544	2
698	35	713	50	2224	560	2
698	35	713	50	2224	576	2
698	35	713	50	2224	592	2
698	35	713	50	2224	608	2
698	35	713	50	2240	480	2
698	35	713	50	2240	496	2
698	35	713	50	2240	512	2
698	35	713	50	2240	528	2
698	35	713	50	2240	544	2
698	35	713	50	2240	560	2
698	35	713	50	2240	576	2
698	35	713	50	2240	592	2
698	35	713	50	2240	608	2
698	35	713	50	2256	480	2
698	35	713	50	2256	496	2
698	35	713	50	2256	512	2
698	35	713	50	2256	528	2
698	35	713	50	2256	544	2
698	35	713	50	2256	560	2
698	35	713	50	2256	576	2
698	35	713	50	2256	592	2
698	35	713	50	2256	608	2
698	35	713	50	2272	480	2
698	35	713	50	2272	496	2
698	35	713	50	2272	512	2
698	35	713	50	2272	528	2
698	35	713	50	2272	544	2
698	35	713	50	2272	560	2
698	35	713	50	2272	576	2
698	35	713	50	2272	592	2
698	35	713	50	2272	608	2
698	35	713	50	2288	480	2
698	35	713	50	2288	496	2
698	35	713	50	2288	512	2
698	35	713	50	2288	528	2
698	35	713	50	2288	544	2
698	35	713	50	2288	560	2
698	35	713	50	2288	576	2
698	35	713	50	2288	592	2
698	35	713	50	2288	608	2
698	35	713	50	2304	480	2
698	35	713	50	2304	496	2
698	35	713	50	2304	512	2
698	35	713	50	2304	528	2
698	35	713	50	2304	544	2
698	35	713	50	2304	560	2
698	35	713	50	2304	576	2
698	35	713	50	2304	592	2
698	35	713	50	2304	608	2
698	35	713	50	2320	480	2
698	35	713	50	2320	496	2
698	35	713	50	2320	512	2
698	35	713	50	2320	528	2
698	35	713	50	2320	544	2
698	35	713	50	2320	560	2
698	35	713	50	2320	576	2
698	35	713	50	2320	592	2
698	35	713	50	2320	608	2
698	35	713	50	2336	480	2
698	35	713	50	2336	496	2
698	35	713	50	2336	512	2
698	35	713	50	2336	528	2
698	35	713	50	2336	544	2
698	35	713	50	2336	560	2
698	35	713	50	2336	576	2
698	35	713	50	2336	592	2
698	35	713	50	2336	608	2

#Black bush
715	69	730	84	2592	320	2
732	69	747	84	2608	320	2
715	86	730	101	2592	336	2
732	86	747	101	2608	336	2
715	86	730	101	2592	352	2
715	69	730	84	2608	352	2
732	69	747	84	2624	352	2
715	86	730	101	2592	368	2
698	35	713	50	2608	368	2
732	86	747	101	2624	368	2
715	86	730	101	2592	384	2
698	35	713	50	2608	384	2
715	69	730	84	2624	384	2
732	69	747	84	2640	384	2
715	69	730	84	2576	400	2
732	69	747	84	2592	400	2
698	35	713	50	2608	400	2
698	35	713	50	2624	400	2
732	86	747	101	2640	400	2

715	69	730	84	2768	368	2
732	69	747	84	2784	368	2
715	86	730	101	2768	384	2
732	86	747	101	2784	384	2
715	69	730	84	2752	400	2
732	69	747	84	2768	400	2
732	86	747	101	2784	400	2

#Blue square
1055	188	1070	203	2128	464	2
1055	188	1070	203	2144	464	2
1055	188	1070	203	2160	464	2
1055	188	1070	203	2176	464	2
1055	188	1070	203	2192	464	2
1055	188	1070	203	2208	464	2
1055	188	1070	203	2224	464	2
1055	188	1070	203	2240	464	2
1055	188	1070	203	2256	464	2
1055	188	1070	203	2272	464	2
1055	188	1070	203	2288	464	2
1055	188	1070	203	2304	464	2

1055	188	1070	203	1968	464	2
1055	188	1070	203	1968	480	2
1055	188	1070	203	1968	496	2
1055	188	1070	203	1968	512	2
1055	188	1070	203	1968	528	2
1055	188	1070	203	1968	544	2
1055	188	1070	203	1968	560	2
1055	188	1070	203	1968	576	2
1055	188	1070	203	1968	592	2
1055	188	1070	203	1968	608	2
1055	188	1070	203	1968	624	2
1055	188	1070	203	1968	640	2
1055	188	1070	203	1984	464	2
1055	188	1070	203	1984	480	2
1055	188	1070	203	1984	496	2
1055	188	1070	203	1984	512	2
1055	188	1070	203	1984	528	2
1055	188	1070	203	1984	544	2
1055	188	1070	203	1984	560	2
1055	188	1070	203	1984	576	2
1055	188	1070	203	1984	592	2
1055	188	1070	203	1984	608	2
1055	188	1070	203	1984	624	2
1055	188	1070	203	1984	640	2
1055	188	1070	203	2000	464	2
1055	188	1070	203	2000	480	2
1055	188	1070	203	2000	496	2
1055	188	1070	203	2000	512	2
1055	188	1070	203	2000	528	2
1055	188	1070	203	2000	544	2
1055	188	1070	203	2000	560	2
1055	188	1070	203	2000	576	2
1055	188	1070	203	2000	592	2
1055	188	1070	203	2000	608	2
1055	188	1070	203	2000	624	2
1055	188	1070	203	2000	640	2
1055	188	1070	203	2016	464	2
1055	188	1070	203	2016	480	2
1055	188	1070	203	2016	496	2
1055	188	1070	203	2016	512	2
1055	188	1070	203	2016	528	2
1055	188	1070	203	2016	544	2
1055	188	1070	203	2016	560	2
1055	188	1070	203	2016	576	2
1055	188	1070	203	2016	592	2
1055	188	1070	203	2016	608	2
1055	188	1070	203	2016	624	2
1055	188	1070	203	2016	640	2
1055	188	1070	203	2032	464	2
1055	188	1070	203	2032	480	2
1055	188	1070	203	2032	496	2
1055	188	1070	203	2032	512	2
1055	188	1070	203	2032	528	2
1055	188	1070	203	2032	544	2
1055	188	1070	203	2032	560	2
1055	188	1070	203	2032	576	2
1055	188	1070	203	2032	592	2
1055	188	1070	203	2032	608	2
1055	188	1070	203	2032	624	2
1055	188	1070	203	2032	640	2
1055	188	1070	203	2048	464	2
1055	188	1070	203	2048	480	2
1055	188	1070	203	2048	496	2
1055	188	1070	203	2048	512	2
1055	188	1070	203	2048	528	2
1055	188	1070	203	2048	544	2
1055	188	1070	203	2048	560	2
1055	188	1070	203	2048	576	2
1055	188	1070	203	2048	592	2
1055	188	1070	203	2048	608	2
1055	188	1070	203	2048	624	2
1055	188	1070	203	2048	640	2
1055	188	1070	203	2064	464	2
1055	188	1070	203	2064	480	2
1055	188	1070	203	2064	496	2
1055	188	1070	203	2064	512	2
1055	188	1070	203	2064	528	2
1055	188	1070	203	2064	544	2
1055	188	1070	203	2064	560	2
1055	188	1070	203	2064	576	2
1055	188	1070	203	2064	592	2
1055	188	1070	203	2064	608	2
1055	188	1070	203	2064	624	2
1055	188	1070	203	2064	640	2
1055	188	1070	203	2080	464	2
1055	188	1070	203	2080	480	2
1055	188	1070	203	2080	496	2
1055	188	1070	203	2080	512	2
1055	188	1070	203	2080	528	2
1055	188	1070	203	2080	544	2
1055	188	1070	203	2080	560	2
1055	188	1070	203	2080	576	2
1055	188	1070	203	2080	592	2
1055	188	1070	203	2080	608	2
1055	188	1070	203	2080	624	2
1055	188	1070	203	2080	640	2

1055	188	1070	203	2352	464	2
1055	188	1070	203	2352	480	2
1055	188	1070	203	2352	496	2
1055	188	1070	203	2352	512	2
1055	188	1070	203	2352	528	2
1055	188	1070	203	2352	544	2
1055	188	1070	203	2352	560	2
1055	188	1070	203	2352	576	2
1055	188	1070	203	2352	592	2
1055	188	1070	203	2352	608	2
1055	188	1070	203	2352	624	2
1055	188	1070	203	2352	640	2
1055	188	1070	203	2368	464	2
1055	188	1070	203	2368	480	2
1055	188	1070	203	2368	496	2
1055	188	1070	203	2368	512	2
1055	188	1070	203	2368	528	2
1055	188	1070	203	2368	544	2
1055	188	1070	203	2368	560	2
1055	188	1070	203	2368	576	2
1055	188	1070	203	2368	592	2
1055	188	1070	203	2368	608	2
1055	188	1070	203	2368	624	2
1055	188	1070	203	2368	640	2
1055	188	1070	203	2384	464	2
1055	188	1070	203	2384	480	2
1055	188	1070	203	2384	496	2
1055	188	1070	203	2384	512	2
1055	188	1070	203	2384	528	2
1055	188	1070	203	2384	544	2
1055	188	1070	203	2384	560	2
1055	188	1070	203	2384	576	2
1055	188	1070	203	2384	592	2
1055	188	1070	203	2384	608	2
1055	188	1070	203	2384	624	2
1055	188	1070	203	2384	640	2
1055	188	1070	203	2400	464	2
1055	188	1070	203	2400	480	2
1055	188	1070	203	2400	496	2
1055	188	1070	203	2400	512	2
1055	188	1070	203	2400	528	2
1055	188	1070	203	2400	544	2
1055	188	1070	203	2400	560	2
1055	188	1070	203	2400	576	2
1055	188	1070	203	2400	592	2
1055	188	1070	203	2400	608	2
1055	188	1070	203	2400	624	2
1055	188	1070	203	2400	640	2
1055	188	1070	203	2416	464	2
1055	188	1070	203	2416	480	2
1055	188	1070	203	2416	496	2
1055	188	1070	203	2416	512	2
1055	188	1070	203	2416	528	2
1055	188	1070	203	2416	544	2
1055	188	1070	203	2416	560	2
1055	188	1070	203	2416	576	2
1055	188	1070	203	2416	592	2
1055	188	1070	203	2416	608	2
1055	188	1070	203	2416	624	2
1055	188	1070	203	2416	640	2
1055	188	1070	203	2432	464	2
1055	188	1070	203	2432	480	2
1055	188	1070	203	2432	496	2
1055	188	1070	203	2432	512	2
1055	188	1070	203	2432	528	2
1055	188	1070	203	2432	544	2
1055	188	1070	203	2432	560	2
1055	188	1070	203	2432	576	2
1055	188	1070	203	2432	592	2
1055	188	1070	203	2432	608	2
1055	188	1070	203	2432	624	2
1055	188	1070	203	2432	640	2
1055	188	1070	203	2448	464	2
1055	188	1070	203	2448	480	2
1055	188	1070	203	2448	496	2
1055	188	1070	203	2448	512	2
1055	188	1070	203	2448	528	2
1055	188	1070	203	2448	544	2
1055	188	1070	203	2448	560	2
1055	188	1070	203	2448	576	2
1055	188	1070	203	2448	592	2
1055	188	1070	203	2448	608	2
1055	188	1070	203	2448	624	2
1055	188	1070	203	2448	640	2
1055	188	1070	203	2464	464	2
1055	188	1070	203	2464	480	2
1055	188	1070	203	2464	496	2
1055	188	1070	203	2464	512	2
1055	188	1070	203	2464	528	2
1055	188	1070	203	2464	544	2
1055	188	1070	203	2464	560	2
1055	188	1070	203	2464	576	2
1055	188	1070	203	2464	592	2
1055	188	1070	203	2464	608	2
1055	188	1070	203	2464	624	2
1055	188	1070	203	2464	640	2

1055	188	1070	203	2096	624	2
1055	188	1070	203	2096	640	2
1055	188	1070	203	2112	624	2
1055	188	1070	203	2112	640	2
1055	188	1070	203	2128	624	2
1055	188	1070	203	2128	640	2
1055	188	1070	203	2144	624	2
1055	188	1070	203	2144	640	2
1055	188	1070	203	2160	624	2
1055	188	1070	203	2160	640	2
1055	188	1070	203	2176	624	2
1055	188	1070	203	2176	640	2
1055	188	1070	203	2192	624	2
1055	188	1070	203	2192	640	2
1055	188	1070	203	2208	624	2
1055	188	1070	203	2208	640	2
1055	188	1070	203	2224	624	2
1055	188	1070	203	2224	640	2
1055	188	1070	203	2240	624	2
1055	188	1070	203	2240	640	2
1055	188	1070	203	2256	624	2
1055	188	1070	203	2256	640	2
1055	188	1070	203	2272	624	2
1055	188	1070	203	2272	640	2
1055	188	1070	203	2288	624	2
1055	188	1070	203	2288	640	2
1055	188	1070	203	2304	624	2
1055	188	1070	203	2304	640	2
1055	188	1070	203	2320	624	2
1055	188	1070	203	2320	640	2
1055	188	1070	203	2336	624	2
1055	188	1070	203	2336	640	2

1055	188	1070	203	2224	608	2
1055	188	1070	203	2240	608	2
1055	188	1070	203	2256	608	2
1055	188	1070	203	2272	608	2
1055	188	1070	203	2288	608	2
1055	188	1070	203	2304	608	2
1055	188	1070	203	2320	608	2
1055	188	1070	203	2336	608	2

1055	188	1070	203	2240	592	2
1055	188	1070	203	2256	592	2
1055	188	1070	203	2272	592	2
1055	188	1070	203	2288	592	2
1055	188	1070	203	2304	592	2
1055	188	1070	203	2320	592	2
1055	188	1070	203	2336	592	2

1055	188	1070	203	2256	576	2
1055	188	1070	203	2272	576	2
1055	188	1070	203	2288	576	2
1055	188	1070	203	2304	576	2
1055	188	1070	203	2320	576	2
1055	188	1070	203	2336	576	2

1055	188	1070	203	2272	560	2
1055	188	1070	203	2288	560	2
1055	188	1070	203	2304	560	2
1055	188	1070	203	2320	560	2
1055	188	1070	203	2336	560	2

1055	188	1070	203	2288	544	2
1055	188	1070	203	2304	544	2
1055	188	1070	203	2320	544	2
1055	188	1070	203	2336	544	2

1055	188	1070	203	2304	528	2
1055	188	1070	203	2320	528	2
1055	188	1070	203	2336	528	2

#Bonus square
650	106	675	131	2683	331	2
[/]